,レースID,順位,枠,馬名,コース,距離,人気
0,202001010101,1,6,ウインルーア,芝,1800,3
1,202001010101,2,2,アークライト,芝,1800,2
2,202001010101,3,3,ギャラントウォリア,芝,1800,1
3,202001010101,4,1,ジュンブーケ,芝,1800,4
4,202001010101,5,4,キタノマンゲツ,芝,1800,5
5,202001010101,6,5,アイフレンズ,芝,1800,6
0,202002010101,1,4,メサテソーロ,芝,1200,6
1,202002010101,2,7,メイショウミモザ,芝,1200,1
2,202002010101,3,4,ガリレイ,芝,1200,2
3,202002010101,4,7,ワンダースアダーオ,芝,1200,15
4,202002010101,5,3,カウイダンス,芝,1200,5
5,202002010101,6,6,タマモマクシム,芝,1200,11
6,202002010101,7,2,ダノンカオス,芝,1200,3
7,202002010101,8,1,ラファームソルティ,芝,1200,10
8,202002010101,9,8,エンジェルティアラ,芝,1200,8
9,202002010101,10,5,イエローポピー,芝,1200,12
10,202002010101,11,8,ゴールデンエポック,芝,1200,4
11,202002010101,12,5,ロビンザフィリー,芝,1200,9
12,202002010101,13,1,ジョーパティオ,芝,1200,16
13,202002010101,14,6,ファクタークニアキ,芝,1200,13
14,202002010101,15,3,スズノレイラ,芝,1200,14
15,202002010101,16,2,ヌーヴォーロジェ,芝,1200,7
0,202003010101,1,8,スマートラビリンス,ダ,1700,1
1,202003010101,2,3,シャルドネ,ダ,1700,9
2,202003010101,3,7,デルタ,ダ,1700,5
3,202003010101,4,8,ハイエストプレイズ,ダ,1700,3
4,202003010101,5,4,マヤチャン,ダ,1700,6
5,202003010101,6,5,レリスタット,ダ,1700,2
6,202003010101,7,2,サンバトルクリーク,ダ,1700,7
7,202003010101,8,5,リゼイエロー,ダ,1700,8
8,202003010101,9,7,マーチクイーン,ダ,1700,4
9,202003010101,10,3,トラストナオトラ,ダ,1700,13
10,202003010101,11,1,スワンポール,ダ,1700,11
11,202003010101,12,6,ナバテア,ダ,1700,10
12,202003010101,13,4,ミンミンセレーナ,ダ,1700,12
13,202003010101,14,6,ジャストザキラキラ,ダ,1700,14
14,202003010101,15,2,リアトリス,ダ,1700,15
0,202004010101,1,6,シャリオヴァルト,障,2890,3
1,202004010101,2,3,エミーリオ,障,2890,7
2,202004010101,3,8,エンシュラウド,障,2890,5
3,202004010101,4,6,レイヴンキング,障,2890,1
4,202004010101,5,4,ダイシンクローバー,障,2890,10
5,202004010101,6,2,ニシノオクタゴン,障,2890,9
6,202004010101,7,3,アドマイヤアゼリ,障,2890,4
7,202004010101,8,5,モリトシュン,障,2890,12
8,202004010101,9,1,アキンド,障,2890,6
9,202004010101,10,5,キングスヴァリュー,障,2890,11
10,202004010101,11,7,マヤノフロスティ,障,2890,8
11,202004010101,12,4,ギャラントグリフ,障,2890,14
12,202004010101,13,8,マサハヤドリーム,障,2890,2
13,202004010101,14,7,セイウンコービー,障,2890,13
0,202005010101,1,2,クリアミッション,ダ,1300,5
1,202005010101,2,1,エストラード,ダ,1300,4
2,202005010101,3,5,マッチャパフェ,ダ,1300,6
3,202005010101,4,3,コルニリア,ダ,1300,9
4,202005010101,5,7,ローズオブシャロン,ダ,1300,3
5,202005010101,6,3,バーンパッション,ダ,1300,10
6,202005010101,7,6,ユタカサン,ダ,1300,8
7,202005010101,8,4,サイモンバトラー,ダ,1300,7
8,202005010101,9,4,コパノラクラク,ダ,1300,12
9,202005010101,10,8,コーラルティアラ,ダ,1300,1
10,202005010101,11,2,ストームファルコン,ダ,1300,2
11,202005010101,12,8,マサノゴールデン,ダ,1300,11
12,202005010101,13,5,マインレッド,ダ,1300,15
13,202005010101,14,6,アイアンカレン,ダ,1300,13
14,202005010101,15,7,サンテンプル,ダ,1300,14
0,202006010101,1,4,オイデヤスダイジン,ダ,1200,2
1,202006010101,2,1,グルアーブ,ダ,1200,5
2,202006010101,3,2,トーレスデルパイネ,ダ,1200,12
3,202006010101,4,3,デュープス,ダ,1200,8
4,202006010101,5,6,ディヴィニティ,ダ,1200,1
5,202006010101,6,7,ノヘア,ダ,1200,9
6,202006010101,7,7,エクメディノツルギ,ダ,1200,11
7,202006010101,8,3,シンキングアイル,ダ,1200,10
8,202006010101,9,5,ラヴアンドゲーム,ダ,1200,6
9,202006010101,10,5,サノレーヌ,ダ,1200,3
10,202006010101,11,2,セルレア,ダ,1200,4
11,202006010101,12,1,スルーザリミッツ,ダ,1200,7
12,202006010101,13,8,ラブカワールド,ダ,1200,15
13,202006010101,14,8,シラカワカツコ,ダ,1200,13
14,202006010101,15,4,イズジョーボヌール,ダ,1200,16
15,202006010101,16,6,コトブキノニ,ダ,1200,14
0,202007010101,1,2,バーニングソウル,ダ,1400,4
1,202007010101,2,1,ピンポンダッシュ,ダ,1400,6
2,202007010101,3,3,ティラミス,ダ,1400,1
3,202007010101,4,6,ブロウンアウェイ,ダ,1400,12
4,202007010101,5,5,カナタ,ダ,1400,2
5,202007010101,6,3,スマイルフェイス,ダ,1400,9
6,202007010101,7,2,シャランドール,ダ,1400,3
7,202007010101,8,6,シュアリーシーズ,ダ,1400,8
8,202007010101,9,8,エクメディノツルギ,ダ,1400,10
9,202007010101,10,7,ラカルマ,ダ,1400,14
10,202007010101,11,4,フォールクヴァング,ダ,1400,5
11,202007010101,12,8,デュープス,ダ,1400,7
12,202007010101,13,5,オメガラヴェリテ,ダ,1400,11
13,202007010101,14,4,マターナルラヴ,ダ,1400,13
14,202007010101,15,1,ショウナンラクトン,ダ,1400,15
15,202007010101,16,7,キクマツ,ダ,1400,16
0,202008010101,1,2,アウトウッズ,ダ,1200,1
1,202008010101,2,4,スリーピート,ダ,1200,2
2,202008010101,3,6,ディーズローリエ,ダ,1200,11
3,202008010101,4,4,デロリス,ダ,1200,5
4,202008010101,5,3,ダンツクォーレ,ダ,1200,6
5,202008010101,6,1,アスターホルン,ダ,1200,3
6,202008010101,7,7,ダッチマン,ダ,1200,4
7,202008010101,8,8,ウンダモシタン,ダ,1200,12
8,202008010101,9,1,ピノタージュ,ダ,1200,14
9,202008010101,10,5,ペプチドシンデレラ,ダ,1200,13
10,202008010101,11,5,キセキパレス,ダ,1200,7
11,202008010101,12,8,グランヴェルソー,ダ,1200,15
12,202008010101,13,7,ワンダースアダーオ,ダ,1200,8
13,202008010101,14,2,ノーブルブレイド,ダ,1200,10
14,202008010101,15,6,アイファーネイビー,ダ,1200,9
15,202008010101,16,3,サンシャインワン,ダ,1200,16
0,202009010101,1,7,キャッツアイ,ダ,1800,2
1,202009010101,2,4,サンデージュピター,ダ,1800,1
2,202009010101,3,6,グリムスポンド,ダ,1800,3
3,202009010101,4,1,タマモパッション,ダ,1800,4
4,202009010101,5,3,タッシーアンジェラ,ダ,1800,6
5,202009010101,6,8,エケベリア,ダ,1800,5
6,202009010101,7,2,テーオークイーン,ダ,1800,7
7,202009010101,8,5,ウェルビーイング,ダ,1800,8
0,202010010101,1,5,ディーズローリエ,ダ,1000,1
1,202010010101,2,8,テーオープライム,ダ,1000,5
2,202010010101,3,5,キルシェンロート,ダ,1000,2
3,202010010101,4,8,ダンツクォーレ,ダ,1000,6
4,202010010101,5,1,レインボーメイプル,ダ,1000,7
5,202010010101,6,7,キョウエイリヴァル,ダ,1000,4
6,202010010101,7,7,カツノセヴンス,ダ,1000,9
7,202010010101,8,4,トーセンシーバス,ダ,1000,8
8,202010010101,9,2,キタノシャンティ,ダ,1000,12
9,202010010101,10,3,テイエムピカピカ,ダ,1000,11
10,202010010101,11,4,ヨドノエール,ダ,1000,3
11,202010010101,12,6,ヒノカミ,ダ,1000,10
12,202010010101,13,6,カシノギルガメシュ,ダ,1000,13
